카테고리: 모든 카테고리

주,2002: (대한민국)
2021-05-09,64
2021-05-16,78
2021-05-23,62
2021-05-30,56
2021-06-06,87
2021-06-13,70
2021-06-20,71
2021-06-27,70
2021-07-04,72
2021-07-11,68
2021-07-18,60
2021-07-25,67
2021-08-01,58
2021-08-08,49
2021-08-15,56
2021-08-22,58
2021-08-29,64
2021-09-05,60
2021-09-12,47
2021-09-19,59
2021-09-26,54
2021-10-03,48
2021-10-10,59
2021-10-17,51
2021-10-24,55
2021-10-31,44
2021-11-07,54
2021-11-14,57
2021-11-21,54
2021-11-28,53
2021-12-05,50
2021-12-12,60
2021-12-19,62
2021-12-26,74
2022-01-02,56
2022-01-09,61
2022-01-16,59
2022-01-23,74
2022-01-30,100
2022-02-06,78
2022-02-13,64
2022-02-20,52
2022-02-27,55
2022-03-06,48
2022-03-13,59
2022-03-20,52
2022-03-27,68
2022-04-03,54
2022-04-10,66
2022-04-17,64
2022-04-24,55
2022-05-01,56
